function [long,lat,d] = data()
% long = (0:360)';
% lat = (-90:90)';
long = (30:40)';
lat = (110:120)';
%c = ones(10);
c1 = [4 4 4 4 4 5 5 5 5 5];
c2 = [3 4 4 4 4 5 5 5 5 5];
c3 = [3 3 4 4 4 4 5 5 5 5];
c4 = [3 3 3 4 4 4 4 4 5 5];
c5 = [3 3 3 4 4 4 4 4 4 4];
c6 = [3 3 3 3 4 4 4 4 4 4];
c7 = [2 2 3 3 3 3 4 4 4 4];
c8 = [2 2 2 3 3 3 3 3 3 3];
c9 = [1 1 2 2 2 3 3 3 3 3];
c10 = [1 1 1 2 2 2 3 3 3 3];

% c is local heat map and d is region heat map
%c = [c1; c2; c3; c4; c5; c6; c7; c8; c9; c10];
d = randi([1 5], 10, 10); 

end